ID#	7
Name	acetate
	Data Filename	Sample ID	Sample Name	Ret. Time	Area	Relative Retention Time	Peak Start	Peak End	Height	Std. Conc.	Conc.	T.Plate#	Width(5%)	Width(50%)
1	2017-07-24_000.lcd	BLANK	No injection	-----	-----		-----	-----	-----	-----	-----	-----	-----	-----
2	2017-07-24_001.lcd	STD-0111	40 mM Mix	15.756	151520	1.000	15.058	16.825	7305	-----	51.19034	14034.410	0.749	0.307
3	2017-07-24_002.lcd	STD-0112	20 mM Mix	15.759	74961	1.000	15.075	16.708	3572	-----	25.32508	13938.369	0.765	0.308
4	2017-07-24_003.lcd	STD-0113	10 mM Mix	15.761	37020	1.000	15.058	16.525	1765	-----	12.50715	13917.127	0.766	0.308
5	2017-07-24_004.lcd	STD-0114	5 mM Mix	15.763	18054	1.000	15.117	16.492	862	-----	6.09955	13810.904	0.764	0.310
6	2017-07-24_005.lcd	STD-0115	2.5 mM Mix	15.750	10310	1.000	15.225	16.750	440	-----	3.48317	13380.283	0.972	0.314
7	2017-07-24_006.lcd	STD-0116	1 mM Mix	15.748	3074	1.000	15.283	16.275	152	-----	1.03860	14133.935	0.709	0.305
8	2017-07-24_007.lcd	STD-0117	0.5 mM Mix	15.760	1501	1.000	15.367	16.208	77	-----	0.50706	13846.811	0.664	0.304
9	2017-07-24_008.lcd	STD-0118	0.25 mM Mix	15.744	736	1.000	15.425	16.192	37	-----	0.24861	14878.014	0.649	0.306
10	2017-07-24_009.lcd	STD-0119	0.1 mM Mix	15.746	243	1.000	15.492	16.067	14	-----	0.08195	17501.349	0.522	0.284
11	2017-07-24_019.lcd	P7-A01		15.668	31331	1.000	14.992	16.467	1399	-----	10.58518	13987.671	0.968	0.306
12	2017-07-24_020.lcd	P7-A02		15.668	22933	1.000	14.983	16.567	1076	-----	7.74790	13816.165	0.804	0.308
13	2017-07-24_021.lcd	P7-A03		15.668	54532	1.000	14.925	16.475	2606	-----	18.42324	13892.549	0.768	0.307
14	2017-07-24_022.lcd	P7-A04		15.671	32453	1.000	15.042	16.483	1396	-----	10.96420	13576.127	1.023	0.310
15	2017-07-24_023.lcd	P7-A05		15.662	16835	1.000	15.008	16.467	744	-----	5.68757	12662.704	0.912	0.320
16	2017-07-24_024.lcd	P7-A06		15.655	38580	1.000	15.075	16.350	1900	-----	13.03421	14358.239	0.737	0.302
17	2017-07-24_025.lcd	P7-A07		15.656	30596	1.000	14.942	16.300	1498	-----	10.33671	14161.407	0.732	0.304
18	2017-07-24_026.lcd	P7-A08		15.653	39862	1.000	14.925	16.242	1966	-----	13.46734	14290.508	0.728	0.302
19	2017-07-24_027.lcd	P7-A09		15.651	7755	1.000	14.975	16.458	346	-----	2.62009	13314.659	0.958	0.311
20	2017-07-24_028.lcd	P7-A10		15.652	11901	1.000	15.183	16.567	493	-----	4.02058	12516.316	0.000	0.320
21	2017-07-24_029.lcd	P7-A11		15.649	25994	1.000	14.917	16.458	1156	-----	8.78206	13405.925	0.943	0.312
22	2017-07-24_030.lcd	P7-A12		15.648	31448	1.000	14.908	16.500	1388	-----	10.62461	13303.610	0.984	0.313
23	2017-07-24_031.lcd	P7-B01		15.648	29069	1.000	15.025	16.458	1384	-----	9.82087	13733.836	0.780	0.308
24	2017-07-24_032.lcd	P7-B02		15.649	23563	1.000	15.025	16.342	1133	-----	7.96050	13878.025	0.768	0.307
25	2017-07-24_033.lcd	P7-B03		15.639	22760	1.000	15.133	16.317	1118	-----	7.68948	14013.374	0.722	0.306
26	2017-07-24_034.lcd	P7-B04		15.649	35332	1.000	14.892	16.475	1614	-----	11.93674	13316.136	0.866	0.313
27	2017-07-24_035.lcd	P7-B05		15.651	28051	1.000	14.858	16.317	1349	-----	9.47687	13871.776	0.756	0.307
28	2017-07-24_036.lcd	P7-B06		15.646	23878	1.000	15.017	16.550	1064	-----	8.06710	13445.972	0.958	0.312
29	2017-07-24_037.lcd	P7-B07		15.637	56297	1.000	14.958	16.400	2686	-----	19.01971	13875.539	0.770	0.306
30	2017-07-24_038.lcd	P7-B08		15.640	28904	1.000	14.917	16.608	1227	-----	9.76496	12866.180	1.051	0.317
31	2017-07-24_039.lcd	P7-B09		15.640	23395	1.000	14.958	16.300	1133	-----	7.90398	14001.945	0.753	0.305
32	2017-07-24_040.lcd	P7-B10		15.637	20372	1.000	14.942	16.442	962	-----	6.88273	13777.016	0.798	0.307
33	2017-07-24_041.lcd	P7-B11		15.637	24445	1.000	14.958	16.183	1184	-----	8.25869	13823.129	0.747	0.307
34	2017-07-24_042.lcd	P7-B12		15.638	29618	1.000	14.950	16.400	1407	-----	10.00619	13661.663	0.774	0.309
35	2017-07-24_043.lcd	P7-C01		15.637	15594	1.000	14.908	16.533	597	-----	5.26820	12053.499	1.153	0.327
36	2017-07-24_044.lcd	P7-C02		15.636	30901	1.000	14.967	16.183	1505	-----	10.43990	13998.386	0.745	0.305
37	2017-07-24_045.lcd	P7-C03		15.637	24048	1.000	14.992	16.192	1169	-----	8.12443	13914.299	0.742	0.306
38	2017-07-24_046.lcd	P7-C04		15.635	10726	1.000	15.117	16.083	532	-----	3.62357	14226.505	0.715	0.303
39	2017-07-24_047.lcd	P7-C05		15.634	24820	1.000	15.008	16.292	1152	-----	8.38537	13742.010	0.867	0.307
40	2017-07-24_048.lcd	P7-C06		15.630	31323	1.000	15.067	16.475	1462	-----	10.58244	13483.706	0.820	0.310
41	2017-07-24_049.lcd	P7-C07		15.636	23160	1.000	15.017	16.625	993	-----	7.82435	12845.649	1.006	0.318
42	2017-07-24_050.lcd	P7-C08		15.632	33602	1.000	14.925	16.467	1603	-----	11.35219	13871.286	0.774	0.306
43	2017-07-24_051.lcd	P7-C09		15.636	12903	1.000	15.042	16.525	591	-----	4.35914	13557.950	0.889	0.310
44	2017-07-24_052.lcd	P7-C10		15.634	35616	1.000	14.883	16.467	1674	-----	12.03285	13643.828	0.794	0.309
45	2017-07-24_053.lcd	P7-C11		15.637	21219	1.000	14.992	16.567	995	-----	7.16880	13650.701	0.804	0.309
46	2017-07-24_054.lcd	P7-C12		15.638	31967	1.000	14.992	16.500	1527	-----	10.79983	13822.034	0.771	0.307
47	2017-07-24_055.lcd	P7-D01		15.642	14253	1.000	14.950	16.550	592	-----	4.81525	12633.601	1.059	0.321
48	2017-07-24_056.lcd	P7-D02		15.637	21197	1.000	14.908	16.542	946	-----	7.16133	13267.086	0.913	0.313
49	2017-07-24_057.lcd	P7-D03		15.637	15255	1.000	15.125	16.417	686	-----	5.15390	12933.341	0.909	0.317
50	2017-07-24_058.lcd	P7-D04		15.640	43734	1.000	14.958	16.383	2054	-----	14.77529	13588.058	0.809	0.309
51	2017-07-24_059.lcd	P7-D05		15.636	16594	1.000	15.050	16.450	739	-----	5.60623	13578.806	0.965	0.309
52	2017-07-24_060.lcd	P7-D06		15.637	17917	1.000	14.958	16.350	828	-----	6.05325	13318.291	0.847	0.312
53	2017-07-24_061.lcd	P7-D07		15.638	14506	1.000	15.050	16.692	603	-----	4.90085	12791.792	1.032	0.318
54	2017-07-24_062.lcd	P7-D08		15.635	22453	1.000	15.158	16.425	1100	-----	7.58558	14305.453	0.751	0.302
55	2017-07-24_063.lcd	P7-D09		15.632	13993	1.000	14.925	16.483	564	-----	4.72733	12037.390	1.229	0.327
56	2017-07-24_064.lcd	P7-D10		15.635	21660	1.000	14.975	16.467	896	-----	7.31782	12873.383	1.001	0.318
57	2017-07-24_065.lcd	P7-D11		15.630	59504	1.000	15.058	16.408	2874	-----	20.10316	13967.679	0.760	0.306
58	2017-07-24_066.lcd	P7-D12		15.629	60464	1.000	14.867	16.500	2645	-----	20.42730	12718.658	0.943	0.319
59	2017-07-24_067.lcd	BLANK	Water	-----	-----		-----	-----	-----	-----	-----	-----	-----	-----
60	2017-07-24_068.lcd	STD-0111	40 mM Mix	15.622	154354	1.000	14.975	16.883	7340	-----	52.14778	13844.686	0.767	0.307
61	2017-07-24_069.lcd	STD-0112	20 mM Mix	15.629	75719	1.000	14.975	16.642	3609	-----	25.58134	13814.948	0.765	0.307
62	2017-07-24_070.lcd	STD-0113	10 mM Mix	15.623	37988	1.000	14.942	16.533	1824	-----	12.83416	14003.557	0.760	0.305
63	2017-07-24_071.lcd	STD-0114	5 mM Mix	15.620	18640	1.000	15.033	16.458	911	-----	6.29738	14178.839	0.737	0.303
64	2017-07-24_072.lcd	STD-0115	2.5 mM Mix	15.620	9293	1.000	15.092	16.242	460	-----	3.13968	14253.531	0.726	0.302
65	2017-07-24_073.lcd	STD-0116	1 mM Mix	15.631	3358	1.000	15.167	16.158	168	-----	1.13442	14466.654	0.709	0.302
66	2017-07-24_074.lcd	STD-0117	0.5 mM Mix	15.637	1677	1.000	15.233	16.050	88	-----	0.56659	15413.896	0.653	0.294
67	2017-07-24_075.lcd	STD-0118	0.25 mM Mix	15.652	838	1.000	15.292	16.042	44	-----	0.28313	15563.828	0.634	0.295
68	2017-07-24_076.lcd	STD-0119	0.1 mM Mix	15.624	270	1.000	15.375	15.925	16	-----	0.09124	16109.782	0.503	0.279
69	2017-07-24_077.lcd	P7-E01		15.625	19910	1.000	15.108	16.383	939	-----	6.72654	13797.481	0.824	0.307
70	2017-07-24_078.lcd	P7-E02		15.632	12822	1.000	15.017	16.617	579	-----	4.33187	13443.097	0.910	0.311
71	2017-07-24_079.lcd	P7-E03		15.627	30204	1.000	15.000	16.483	1437	-----	10.20437	13766.220	0.777	0.308
72	2017-07-24_080.lcd	P7-E04		15.632	39936	1.000	14.908	16.500	1811	-----	13.49228	13356.814	0.881	0.312
73	2017-07-24_081.lcd	P7-E05		15.626	18380	1.000	14.958	16.425	728	-----	6.20964	12027.975	1.078	0.328
74	2017-07-24_082.lcd	P7-E06		15.626	33522	1.000	14.892	16.483	1507	-----	11.32519	13196.651	0.916	0.313
75	2017-07-24_083.lcd	P7-E07		15.625	46489	1.000	14.175	16.267	2074	-----	15.70606	13339.382	0.878	0.312
76	2017-07-24_084.lcd	P7-E08		15.625	31599	1.000	14.967	16.442	1442	-----	10.67568	13142.705	0.860	0.314
77	2017-07-24_085.lcd	P7-E09		15.626	22429	1.000	14.917	16.483	935	-----	7.57762	12242.445	1.057	0.325
78	2017-07-24_086.lcd	P7-E10		15.627	54166	1.000	14.875	16.383	2575	-----	18.29985	13687.744	0.776	0.309
79	2017-07-24_087.lcd	P7-E11		15.627	16460	1.000	14.900	16.425	659	-----	5.56087	11677.921	1.102	0.332
80	2017-07-24_088.lcd	P7-E12		15.628	16313	1.000	15.017	16.400	761	-----	5.51118	13296.228	0.800	0.313
81	2017-07-24_089.lcd	P7-F01		15.624	35662	1.000	14.967	16.400	1699	-----	12.04829	13642.770	0.770	0.309
82	2017-07-24_090.lcd	P7-F02		15.621	8302	1.000	14.900	16.450	358	-----	2.80484	12686.864	0.982	0.319
83	2017-07-24_091.lcd	P7-F03		15.625	21952	1.000	14.892	16.517	959	-----	7.41627	12968.002	0.957	0.317
84	2017-07-24_092.lcd	P7-F04		15.626	20891	1.000	14.908	16.525	767	-----	7.05805	11093.478	0.000	0.341
85	2017-07-24_093.lcd	P7-F05		15.623	25096	1.000	14.808	16.342	1146	-----	8.47840	12844.828	0.823	0.318
86	2017-07-24_094.lcd	P7-F06		15.626	22597	1.000	14.967	16.542	961	-----	7.63430	12593.838	0.992	0.321
87	2017-07-24_095.lcd	P7-F07		15.621	3212	1.000	15.192	16.150	205	-----	1.08526	17432.108	0.531	0.278
88	2017-07-24_096.lcd	P7-F08		15.628	6447	1.000	15.100	16.367	304	-----	2.17802	13438.796	0.790	0.312
89	2017-07-24_097.lcd	P7-F09		15.615	50106	1.000	14.925	16.283	2402	-----	16.92813	13527.839	0.751	0.310
90	2017-07-24_098.lcd	P7-F10		15.620	16696	1.000	14.867	16.567	652	-----	5.64080	11743.306	0.000	0.332
91	2017-07-24_099.lcd	P7-F11		15.620	28488	1.000	14.875	16.333	1324	-----	9.62448	13178.520	0.798	0.314
92	2017-07-24_100.lcd	P7-F12		15.621	25922	1.000	14.925	16.575	1172	-----	8.75758	12557.180	0.821	0.322
93	2017-07-24_101.lcd	P7-G01		15.629	28280	1.000	14.983	16.567	1207	-----	9.55437	12622.867	0.985	0.321
94	2017-07-24_102.lcd	P7-G02		15.618	33039	1.000	14.950	16.508	1076	-----	11.16190	10064.791	1.166	0.369
95	2017-07-24_103.lcd	P7-G03		15.616	32148	1.000	14.892	16.483	1456	-----	10.86091	12844.088	0.842	0.318
96	2017-07-24_104.lcd	P7-G04		15.615	47852	1.000	14.792	16.467	2123	-----	16.16662	12657.797	0.864	0.320
97	2017-07-24_105.lcd	P7-G05		15.620	24746	1.000	14.992	16.500	1128	-----	8.36019	12800.826	0.833	0.319
98	2017-07-24_106.lcd	P7-G06		15.618	35245	1.000	14.883	16.492	1638	-----	11.90734	13205.841	0.798	0.314
99	2017-07-24_107.lcd	P7-G07		15.617	40022	1.000	14.917	16.492	1878	-----	13.52110	13239.372	0.778	0.313
100	2017-07-24_108.lcd	P7-G08		15.615	42520	1.000	14.783	16.458	1900	-----	14.36528	12774.576	0.854	0.319
101	2017-07-24_109.lcd	P7-G09		15.618	52716	1.000	14.833	16.508	2390	-----	17.80999	12872.114	0.828	0.318
102	2017-07-24_110.lcd	P7-G10		15.616	13530	1.000	14.858	16.600	543	-----	4.57103	11960.406	1.102	0.329
103	2017-07-24_111.lcd	P7-G11		15.613	16814	1.000	15.033	16.367	745	-----	5.68038	12498.729	0.887	0.323
104	2017-07-24_112.lcd	P7-G12		15.618	11704	1.000	14.933	16.725	497	-----	3.95428	11994.352	0.958	0.328
105	2017-07-24_113.lcd	P7-H01		15.612	17889	1.000	14.967	16.350	821	-----	6.04380	12900.382	0.830	0.317
106	2017-07-24_114.lcd	P7-H02		15.616	27396	1.000	14.992	16.592	1197	-----	9.25559	12905.527	0.952	0.317
107	2017-07-24_115.lcd	P7-H03		15.614	33623	1.000	15.167	16.308	1670	-----	11.35953	13918.695	0.696	0.307
108	2017-07-24_116.lcd	P7-H04		15.616	10958	1.000	15.033	16.483	486	-----	3.70198	12615.367	0.908	0.321
109	2017-07-24_117.lcd	P7-H05		15.616	23471	1.000	14.925	16.683	1064	-----	7.92945	12994.682	0.845	0.316
110	2017-07-24_118.lcd	P7-H06		15.617	34106	1.000	14.992	16.358	1593	-----	11.52254	13121.860	0.788	0.315
111	2017-07-24_119.lcd	P7-H07		15.617	52494	1.000	14.908	16.475	2443	-----	17.73495	13030.228	0.786	0.316
112	2017-07-24_120.lcd	P7-H08		15.629	6195	1.000	15.142	16.517	237	-----	2.09298	12033.642	1.062	0.328
113	2017-07-24_121.lcd	P7-H09		15.625	13337	1.000	14.900	16.592	547	-----	4.50578	12285.940	1.070	0.324
114	2017-07-24_122.lcd	P7-H10		15.621	29891	1.000	14.983	16.450	1376	-----	10.09850	12841.384	0.805	0.318
115	2017-07-24_123.lcd	P7-H11		15.620	5856	1.000	15.050	16.533	229	-----	1.97829	11700.401	1.094	0.335
116	2017-07-24_124.lcd	P7-H12		15.618	9065	1.000	15.067	16.550	415	-----	3.06264	12703.844	0.786	0.320
117	2017-07-24_125.lcd	BLANK	Water	-----	-----		-----	-----	-----	-----	-----	-----	-----	-----
118	2017-07-24_126.lcd	STD-0111	40 mM Mix	15.613	154205	1.000	14.983	16.875	7147	-----	52.09736	13080.311	0.783	0.316
119	2017-07-24_127.lcd	STD-0112	20 mM Mix	15.622	75513	1.000	14.975	16.717	3535	-----	25.51153	13278.048	0.774	0.313
120	2017-07-24_128.lcd	STD-0113	10 mM Mix	15.605	38293	1.000	14.967	16.675	1781	-----	12.93701	13207.897	0.784	0.314
121	2017-07-24_129.lcd	STD-0114	5 mM Mix	15.614	18629	1.000	15.008	16.375	886	-----	6.29385	13386.068	0.755	0.312
122	2017-07-24_130.lcd	STD-0115	2.5 mM Mix	15.615	9397	1.000	15.067	16.408	449	-----	3.17457	13435.486	0.747	0.312
123	2017-07-24_131.lcd	STD-0116	1 mM Mix	15.615	3375	1.000	15.150	16.200	165	-----	1.14032	13704.998	0.720	0.308
124	2017-07-24_132.lcd	STD-0117	0.5 mM Mix	15.610	1720	1.000	15.217	16.075	86	-----	0.58109	13884.733	0.675	0.307
125	2017-07-24_133.lcd	STD-0118	0.25 mM Mix	15.625	831	1.000	15.283	16.025	43	-----	0.28060	14216.743	0.643	0.301
126	2017-07-24_134.lcd	STD-0119	0.1 mM Mix	15.594	215	1.000	15.392	15.892	13	-----	0.07261	20694.220	0.435	0.278

