ID#	7
Name	acetate
	Data Filename	Sample ID	Sample Name	Ret. Time	Area	Relative Retention Time	Peak Start	Peak End	Height	Std. Conc.	Conc.	T.Plate#	Width(5%)	Width(50%)
1	2017-06-20_000.lcd	BLANK	No injection	-----	-----		-----	-----	-----	-----	-----	-----	-----	-----
2	2017-06-20_001.lcd	STD-0111	40 mM Mix	15.606	155748	1.000	14.925	16.892	7426	-----	52.61867	13429.540	0.738	0.312
3	2017-06-20_002.lcd	STD-0112	20 mM Mix	15.609	76076	1.000	14.925	16.600	3636	-----	25.70199	13413.829	0.736	0.312
4	2017-06-20_003.lcd	STD-0113	10 mM Mix	15.606	37470	1.000	14.983	16.342	1820	-----	12.65901	13613.578	0.723	0.310
5	2017-06-20_004.lcd	STD-0114	5 mM Mix	15.604	18668	1.000	15.017	16.292	907	-----	6.30677	13591.917	0.725	0.310
6	2017-06-20_005.lcd	STD-0115	2.5 mM Mix	15.607	9327	1.000	15.058	16.225	454	-----	3.15121	13609.125	0.717	0.310
7	2017-06-20_006.lcd	STD-0116	1 mM Mix	15.606	3314	1.000	15.142	16.133	163	-----	1.11957	13632.175	0.702	0.310
8	2017-06-20_007.lcd	STD-0117	0.5 mM Mix	15.614	1628	1.000	15.258	16.050	83	-----	0.55005	13791.635	0.651	0.308
9	2017-06-20_008.lcd	STD-0118	0.25 mM Mix	15.625	925	1.000	15.292	16.175	42	-----	0.31239	11677.050	0.781	0.326
10	2017-06-20_009.lcd	STD-0119	0.1 mM Mix	15.623	287	1.000	15.358	15.975	15	-----	0.09683	13768.022	0.556	0.309
11	2017-06-20_010.lcd	BLANK	Water	-----	-----		-----	-----	-----	-----	-----	-----	-----	-----
12	2017-06-20_011.lcd	P2-A01		15.603	10070	1.000	15.092	16.217	466	-----	3.40224	12889.446	0.808	0.317
13	2017-06-20_012.lcd	P2-A02		15.597	5948	1.000	14.975	16.350	246	-----	2.00958	10935.444	0.955	0.343
14	2017-06-20_013.lcd	P2-A03		15.609	11850	1.000	15.042	16.308	558	-----	4.00334	13209.128	0.780	0.313
15	2017-06-20_014.lcd	P2-A04		15.605	12085	1.000	15.025	16.400	567	-----	4.08273	13351.955	0.795	0.312
16	2017-06-20_015.lcd	P2-A05		15.613	5096	1.000	15.000	16.242	234	-----	1.72164	12969.791	0.838	0.316
17	2017-06-20_016.lcd	P2-A06		15.612	8078	1.000	14.992	16.417	313	-----	2.72896	10551.052	1.005	0.351
18	2017-06-20_017.lcd	P2-A07		15.621	8802	1.000	14.958	16.450	327	-----	2.97369	10351.507	1.097	0.357
19	2017-06-20_018.lcd	P2-A08		15.609	17878	1.000	14.975	16.475	736	-----	6.04014	11710.968	0.968	0.333
20	2017-06-20_019.lcd	P2-A09		15.608	12388	1.000	14.933	16.375	528	-----	4.18536	11999.845	0.946	0.328
21	2017-06-20_020.lcd	P2-A10		15.610	9261	1.000	14.942	16.350	406	-----	3.12895	12424.797	0.920	0.322
22	2017-06-20_021.lcd	P2-A11		15.612	13725	1.000	15.042	16.375	657	-----	4.63684	13636.824	0.757	0.309
23	2017-06-20_022.lcd	P2-A12		15.610	13535	1.000	14.983	16.342	638	-----	4.57275	13571.062	0.787	0.310
24	2017-06-20_023.lcd	P2-B01		15.616	3847	1.000	15.083	16.358	167	-----	1.29976	11989.802	0.911	0.328
25	2017-06-20_024.lcd	P2-B02		15.606	9522	1.000	15.050	16.325	459	-----	3.21713	13708.918	0.748	0.308
26	2017-06-20_025.lcd	P2-B03		15.607	5737	1.000	15.050	16.325	249	-----	1.93838	12101.745	0.903	0.328
27	2017-06-20_026.lcd	P2-B04		15.610	16156	1.000	14.942	16.333	714	-----	5.45818	12270.000	0.870	0.324
28	2017-06-20_027.lcd	P2-B05		15.606	3226	1.000	14.908	16.308	134	-----	1.08984	11651.429	1.022	0.333
29	2017-06-20_028.lcd	P2-B06		15.612	12812	1.000	14.942	16.325	555	-----	4.32857	12041.569	0.915	0.326
30	2017-06-20_029.lcd	P2-B07		15.605	13541	1.000	15.117	16.225	677	-----	4.57481	14253.661	0.696	0.303
31	2017-06-20_030.lcd	P2-B08		15.607	7246	1.000	15.133	16.367	335	-----	2.44812	12983.574	0.815	0.317
32	2017-06-20_031.lcd	P2-B09		15.611	8455	1.000	14.975	16.408	378	-----	2.85657	12668.257	0.884	0.319
33	2017-06-20_032.lcd	P2-B10		15.609	5385	1.000	15.092	16.258	236	-----	1.81933	12185.474	0.921	0.325
34	2017-06-20_033.lcd	P2-B11		15.610	4163	1.000	15.200	16.267	206	-----	1.40635	13750.311	0.705	0.307
35	2017-06-20_034.lcd	P2-B12		15.611	17125	1.000	14.900	16.333	798	-----	5.78574	13470.032	0.810	0.310
36	2017-06-20_035.lcd	P2-C01		15.607	19705	1.000	14.825	16.425	832	-----	6.65736	12257.328	0.986	0.325
37	2017-06-20_036.lcd	P2-F01		15.602	29801	1.000	14.758	16.358	1343	-----	10.06819	12772.711	0.858	0.318
38	2017-06-20_037.lcd	P2-F02		15.599	30533	1.000	14.750	16.367	1272	-----	10.31554	11521.872	0.962	0.334
39	2017-06-20_038.lcd	P2-F03		15.601	50183	1.000	14.725	16.483	2305	-----	16.95404	13311.015	0.801	0.312
40	2017-06-20_039.lcd	P2-F04		15.601	48234	1.000	14.750	16.425	2253	-----	16.29557	13465.349	0.776	0.311
41	2017-06-20_040.lcd	P2-F05		15.602	49639	1.000	14.775	16.325	2361	-----	16.77018	13449.821	0.749	0.311
42	2017-06-20_041.lcd	P2-F06		15.602	23567	1.000	14.850	16.325	976	-----	7.96204	11379.642	0.976	0.337
43	2017-06-20_042.lcd	P2-F07		15.601	12096	1.000	15.000	16.400	497	-----	4.08663	11164.633	0.000	0.340
44	2017-06-20_043.lcd	P2-F08		15.607	32844	1.000	15.108	16.350	1491	-----	11.09617	12267.321	0.814	0.325
45	2017-06-20_044.lcd	P2-F09		15.607	14336	1.000	14.875	16.475	460	-----	4.84351	7446.201	0.000	0.430
46	2017-06-20_045.lcd	P2-F10		15.604	40741	1.000	14.900	16.200	1948	-----	13.76413	13185.354	0.739	0.314
47	2017-06-20_046.lcd	P2-F11		15.605	9192	1.000	15.042	16.350	427	-----	3.10544	12730.779	0.792	0.318
48	2017-06-20_047.lcd	P2-F12		15.606	10353	1.000	14.892	16.500	432	-----	3.49768	11480.729	0.967	0.335
49	2017-06-20_048.lcd	P2-G01		15.607	23021	1.000	14.908	16.400	973	-----	7.77760	11521.843	0.929	0.334
50	2017-06-20_049.lcd	P2-G02		15.601	38162	1.000	14.850	16.333	1750	-----	12.89268	12560.929	0.798	0.321
51	2017-06-20_050.lcd	P2-G03		15.605	26079	1.000	14.925	16.625	1118	-----	8.81060	11698.310	0.949	0.332
52	2017-06-20_051.lcd	P2-G04		15.604	27920	1.000	14.742	16.383	1235	-----	9.43270	12234.293	0.862	0.325
53	2017-06-20_052.lcd	P2-G05		15.610	26329	1.000	14.917	16.483	1126	-----	8.89514	11991.476	0.942	0.329
54	2017-06-20_053.lcd	P2-G06		15.607	19818	1.000	14.950	16.492	887	-----	6.69543	12292.944	0.844	0.325
55	2017-06-20_054.lcd	P2-G07		15.606	51187	1.000	14.833	16.458	2361	-----	17.29323	12825.645	0.796	0.318
56	2017-06-20_055.lcd	P2-G08		15.609	13308	1.000	14.975	16.383	537	-----	4.49605	11148.846	1.114	0.340
57	2017-06-20_056.lcd	P2-G09		15.609	28727	1.000	14.783	16.558	1316	-----	9.70529	12967.599	0.812	0.317
58	2017-06-20_057.lcd	P2-G10		15.609	25935	1.000	14.892	16.475	1098	-----	8.76195	11936.972	0.961	0.329
59	2017-06-20_058.lcd	P2-G11		15.612	31102	1.000	14.875	16.433	1322	-----	10.50768	11982.158	0.950	0.328
60	2017-06-20_059.lcd	P2-G12		15.620	18152	1.000	14.817	16.525	542	-----	6.13256	6766.400	1.428	0.499
61	2017-06-20_060.lcd	P2-H12		15.617	15785	1.000	15.183	16.242	694	-----	5.33280	11896.890	0.813	0.331
62	2017-06-20_061.lcd	STD-0111	40 mM Mix	15.607	157239	1.000	14.908	16.858	7358	-----	53.12235	13154.606	0.764	0.315
63	2017-06-20_062.lcd	STD-0112	20 mM Mix	15.610	75685	1.000	14.900	16.583	3599	-----	25.56978	13357.951	0.748	0.312
64	2017-06-20_063.lcd	STD-0113	10 mM Mix	15.606	37729	1.000	14.883	16.442	1812	-----	12.74663	13616.384	0.743	0.310
65	2017-06-20_064.lcd	STD-0114	5 mM Mix	15.611	18594	1.000	14.983	16.317	901	-----	6.28205	13724.283	0.731	0.309
66	2017-06-20_065.lcd	STD-0115	2.5 mM Mix	15.617	9184	1.000	15.033	16.192	451	-----	3.10277	13872.668	0.719	0.306
67	2017-06-20_066.lcd	STD-0116	1 mM Mix	15.615	3242	1.000	15.133	16.200	160	-----	1.09518	13954.756	0.710	0.307
68	2017-06-20_067.lcd	STD-0117	0.5 mM Mix	15.616	1584	1.000	15.217	16.050	81	-----	0.53513	14267.612	0.671	0.302
69	2017-06-20_068.lcd	STD-0118	0.25 mM Mix	15.619	798	1.000	15.258	16.017	41	-----	0.26974	14403.873	0.648	0.308
70	2017-06-20_069.lcd	STD-0119	0.1 mM Mix	15.634	245	1.000	15.350	15.942	14	-----	0.08265	22043.460	0.523	0.268

