ID#	7
Name	acetate
	Data Filename	Sample ID	Sample Name	Ret. Time	Area	Relative Retention Time	Peak Start	Peak End	Height	Std. Conc.	Conc.	T.Plate#	Width(5%)	Width(50%)
1	2017-07-19_000.lcd	BLANK	No injection	-----	-----		-----	-----	-----	-----	-----	-----	-----	-----
2	2017-07-19_001.lcd	STD-0111	40 mM Mix	15.640	153702	1.000	14.942	16.550	7608	-----	51.92735	14678.054	0.728	0.299
3	2017-07-19_002.lcd	STD-0112	20 mM Mix	15.640	75383	1.000	14.942	16.492	3715	-----	25.46786	14517.713	0.732	0.300
4	2017-07-19_003.lcd	STD-0113	10 mM Mix	15.636	37484	1.000	14.892	16.367	1859	-----	12.66377	14650.439	0.728	0.298
5	2017-07-19_004.lcd	STD-0114	5 mM Mix	15.645	18488	1.000	15.017	16.292	922	-----	6.24617	14647.397	0.722	0.299
6	2017-07-19_005.lcd	STD-0115	2.5 mM Mix	15.640	9196	1.000	15.100	16.233	457	-----	3.10669	14481.461	0.719	0.301
7	2017-07-19_006.lcd	STD-0116	1 mM Mix	15.643	3301	1.000	15.133	16.192	165	-----	1.11539	14665.483	0.720	0.299
8	2017-07-19_007.lcd	STD-0117	0.5 mM Mix	15.648	1607	1.000	15.250	16.092	83	-----	0.54286	14790.152	0.658	0.296
9	2017-07-19_008.lcd	STD-0118	0.25 mM Mix	15.646	783	1.000	15.325	16.133	41	-----	0.26461	15627.747	0.656	0.296
10	2017-07-19_009.lcd	STD-0119	0.1 mM Mix	15.623	253	1.000	15.383	15.992	15	-----	0.08540	19132.968	0.564	0.263
11	2017-07-19_010.lcd	BLANK	Water	-----	-----		-----	-----	-----	-----	-----	-----	-----	-----
12	2017-07-19_011.lcd	P6-A01		15.634	25492	1.000	15.017	16.292	1231	-----	8.61238	13907.805	0.758	0.306
13	2017-07-19_012.lcd	P6-A02		15.637	28763	1.000	14.950	16.458	1321	-----	9.71729	13622.376	0.875	0.309
14	2017-07-19_013.lcd	P6-A03		15.633	8343	1.000	15.017	16.242	366	-----	2.81872	12574.896	0.910	0.319
15	2017-07-19_014.lcd	P6-A04		15.646	21490	1.000	15.000	16.450	1022	-----	7.26041	13918.365	0.782	0.306
16	2017-07-19_015.lcd	P6-A05		15.641	26851	1.000	14.775	16.200	1294	-----	9.07149	13944.750	0.753	0.306
17	2017-07-19_016.lcd	P6-A06		15.638	24600	1.000	14.967	16.317	1161	-----	8.31112	13897.948	0.825	0.306
18	2017-07-19_017.lcd	P6-A07		15.646	22389	1.000	14.992	16.275	1086	-----	7.56417	14017.138	0.752	0.305
19	2017-07-19_018.lcd	P6-A08		15.638	16427	1.000	15.033	16.525	745	-----	5.54982	13406.173	0.881	0.311
20	2017-07-19_019.lcd	P6-A09		15.637	30360	1.000	14.942	16.483	1426	-----	10.25696	13811.512	0.819	0.307
21	2017-07-19_020.lcd	P6-A10		15.636	16386	1.000	15.008	16.458	734	-----	5.53580	13237.505	0.950	0.313
22	2017-07-19_021.lcd	P6-A11		15.637	28693	1.000	15.008	16.450	1340	-----	9.69376	13712.872	0.829	0.308
23	2017-07-19_022.lcd	P6-A12		15.635	54683	1.000	14.933	16.225	2735	-----	18.47444	14502.374	0.705	0.300
24	2017-07-19_023.lcd	P6-B01		15.635	41555	1.000	14.992	16.450	1968	-----	14.03921	13817.803	0.803	0.307
25	2017-07-19_024.lcd	P6-B02		15.631	25399	1.000	14.833	16.450	1121	-----	8.58105	13225.980	0.935	0.313
26	2017-07-19_025.lcd	P6-B03		15.636	24083	1.000	14.933	16.417	1101	-----	8.13623	13406.966	0.859	0.311
27	2017-07-19_026.lcd	P6-B04		15.632	11593	1.000	14.850	16.525	486	-----	3.91662	12278.606	1.030	0.323
28	2017-07-19_027.lcd	P6-B05		15.638	20351	1.000	14.942	16.608	905	-----	6.87548	13109.174	0.925	0.314
29	2017-07-19_028.lcd	P6-B06		15.633	19809	1.000	15.033	16.575	841	-----	6.69227	12525.218	0.000	0.321
30	2017-07-19_029.lcd	P6-B07		15.639	36512	1.000	14.842	16.542	1493	-----	12.33535	12461.685	1.054	0.322
31	2017-07-19_030.lcd	P6-B08		15.642	21171	1.000	15.025	16.600	809	-----	7.15246	11682.714	1.102	0.333
32	2017-07-19_031.lcd	P6-B09		15.637	3811	1.000	15.167	16.317	180	-----	1.28741	13070.915	0.778	0.315
33	2017-07-19_032.lcd	P6-B10		15.627	26356	1.000	14.933	16.383	1225	-----	8.90421	13397.921	0.826	0.311
34	2017-07-19_033.lcd	P6-B11		15.627	8772	1.000	14.942	16.275	397	-----	2.96362	12773.679	0.855	0.318
35	2017-07-19_034.lcd	P6-B12		15.635	81439	1.000	14.742	16.317	3836	-----	27.51378	13827.490	0.771	0.307
36	2017-07-19_035.lcd	P6-C01		15.641	17698	1.000	14.925	16.392	812	-----	5.97928	13239.364	0.848	0.313
37	2017-07-19_036.lcd	P6-C02		15.636	19732	1.000	15.025	16.483	930	-----	6.66630	13546.759	0.788	0.310
38	2017-07-19_037.lcd	P6-C03		15.637	25853	1.000	14.950	16.258	1250	-----	8.73443	13815.897	0.748	0.307
39	2017-07-19_038.lcd	P6-C04		15.637	12454	1.000	15.158	16.317	602	-----	4.20768	13921.581	0.760	0.306
40	2017-07-19_039.lcd	P6-C05		15.634	15534	1.000	14.733	16.442	682	-----	5.24808	12783.428	0.923	0.318
41	2017-07-19_040.lcd	P6-C06		15.637	15780	1.000	15.067	16.475	637	-----	5.33119	12238.335	1.114	0.325
42	2017-07-19_041.lcd	P6-C07		15.638	41895	1.000	14.933	16.500	1973	-----	14.15403	13635.467	0.787	0.309
43	2017-07-19_042.lcd	P6-C08		15.636	3676	1.000	15.217	16.183	184	-----	1.24197	14260.000	0.687	0.304
44	2017-07-19_043.lcd	P6-C09		15.632	14937	1.000	15.067	16.433	701	-----	5.04656	13332.953	0.801	0.312
45	2017-07-19_044.lcd	P6-C10		15.632	71751	1.000	14.858	16.542	3375	-----	24.24077	13605.526	0.784	0.309
46	2017-07-19_045.lcd	P6-C11		15.636	25074	1.000	15.008	16.533	1143	-----	8.47123	13181.648	0.855	0.314
47	2017-07-19_046.lcd	P6-C12		15.631	30923	1.000	14.950	16.433	1464	-----	10.44717	13625.679	0.782	0.309
48	2017-07-19_047.lcd	P6-D01		15.629	17469	1.000	14.983	16.508	798	-----	5.90196	13183.699	0.861	0.314
49	2017-07-19_048.lcd	P6-D02		15.634	57210	1.000	14.983	16.508	2696	-----	19.32798	13554.684	0.787	0.310
50	2017-07-19_049.lcd	P6-D03		15.638	29831	1.000	14.917	16.558	1372	-----	10.07829	13187.300	0.820	0.314
51	2017-07-19_050.lcd	P6-D04		15.634	23024	1.000	14.942	16.350	1086	-----	7.77841	13622.436	0.787	0.309
52	2017-07-19_051.lcd	P6-D05		15.633	28488	1.000	14.792	16.433	1261	-----	9.62456	12887.890	0.920	0.317
53	2017-07-19_052.lcd	P6-D06		15.633	23306	1.000	14.758	16.508	947	-----	7.87391	12134.347	1.052	0.327
54	2017-07-19_053.lcd	P6-D07		15.633	20152	1.000	14.967	16.550	853	-----	6.80828	12354.168	1.011	0.324
55	2017-07-19_054.lcd	P6-D08		15.636	34532	1.000	14.942	16.583	1605	-----	11.66641	13313.142	0.800	0.313
56	2017-07-19_055.lcd	P6-D09		15.635	32496	1.000	14.900	16.475	1454	-----	10.97845	12936.620	0.895	0.317
57	2017-07-19_056.lcd	P6-D10		15.638	3931	1.000	15.167	16.217	187	-----	1.32793	13323.808	0.758	0.314
58	2017-07-19_057.lcd	P6-D11		15.632	22442	1.000	14.933	16.550	991	-----	7.58176	12945.600	0.931	0.317
59	2017-07-19_058.lcd	P6-D12		15.634	25835	1.000	14.917	16.533	1116	-----	8.72834	12407.599	0.939	0.323
60	2017-07-19_059.lcd	BLANK	Water	-----	-----		-----	-----	-----	-----	-----	-----	-----	-----
61	2017-07-19_060.lcd	STD-0111	40 mM Mix	15.628	153555	1.000	14.958	16.850	7331	-----	51.87769	13782.296	0.756	0.308
62	2017-07-19_061.lcd	STD-0112	20 mM Mix	15.625	75186	1.000	14.950	16.608	3584	-----	25.40133	13680.382	0.758	0.309
63	2017-07-19_062.lcd	STD-0113	10 mM Mix	15.627	37260	1.000	14.925	16.425	1789	-----	12.58827	13801.131	0.753	0.307
64	2017-07-19_063.lcd	STD-0114	5 mM Mix	15.637	18346	1.000	14.967	16.425	883	-----	6.19809	13803.859	0.751	0.308
65	2017-07-19_064.lcd	STD-0115	2.5 mM Mix	15.640	8977	1.000	15.083	16.283	431	-----	3.03286	13445.195	0.747	0.312
66	2017-07-19_065.lcd	STD-0116	1 mM Mix	15.639	3036	1.000	15.208	16.133	151	-----	1.02577	14033.350	0.699	0.307
67	2017-07-19_066.lcd	STD-0117	0.5 mM Mix	15.650	1531	1.000	15.267	16.183	76	-----	0.51740	14367.849	0.714	0.307
68	2017-07-19_067.lcd	STD-0118	0.25 mM Mix	15.663	702	1.000	15.308	16.025	36	-----	0.23712	13601.586	0.605	0.308
69	2017-07-19_068.lcd	STD-0119	0.1 mM Mix	15.674	195	1.000	15.433	16.000	12	-----	0.06580	17001.810	0.538	0.273
70	2017-07-19_069.lcd	P6-E01		15.638	9459	1.000	15.125	16.433	433	-----	3.19566	12905.351	0.845	0.318
71	2017-07-19_070.lcd	P6-E02		15.635	30812	1.000	14.967	16.508	1366	-----	10.40982	12787.900	0.917	0.319
72	2017-07-19_071.lcd	P6-E03		15.636	18260	1.000	15.000	16.483	831	-----	6.16890	12810.695	0.839	0.318
73	2017-07-19_072.lcd	P6-E04		15.634	35330	1.000	14.900	16.500	1588	-----	11.93611	12836.114	0.879	0.318
74	2017-07-19_073.lcd	P6-E05		15.634	30568	1.000	14.975	16.575	1325	-----	10.32740	12649.203	0.959	0.321
75	2017-07-19_074.lcd	P6-E06		15.635	22406	1.000	15.225	16.175	1153	-----	7.56964	14641.218	0.653	0.300
76	2017-07-19_075.lcd	P6-E07		15.636	32836	1.000	14.867	16.517	1411	-----	11.09339	12416.489	0.963	0.323
77	2017-07-19_076.lcd	P6-E08		15.637	25684	1.000	15.042	16.383	1201	-----	8.67707	12969.320	0.777	0.317
78	2017-07-19_077.lcd	P6-E09		15.637	53906	1.000	14.992	16.425	2549	-----	18.21183	13228.976	0.763	0.314
79	2017-07-19_078.lcd	P6-E10		15.641	17811	1.000	14.950	16.483	660	-----	6.01720	10553.088	0.000	0.350
80	2017-07-19_079.lcd	P6-E11		15.632	23462	1.000	14.825	16.242	1076	-----	7.92640	12989.324	0.792	0.317
81	2017-07-19_080.lcd	P6-E12		15.630	12961	1.000	14.933	16.158	606	-----	4.37869	12613.821	0.758	0.321
82	2017-07-19_082.lcd	P6-F02		15.634	20285	1.000	14.975	16.492	909	-----	6.85329	12622.653	0.863	0.321
83	2017-07-19_083.lcd	P6-F03		15.643	16389	1.000	14.967	16.542	713	-----	5.53704	12259.455	0.913	0.326
84	2017-07-19_084.lcd	P6-F04		15.633	17330	1.000	14.942	16.483	753	-----	5.85500	12317.828	0.930	0.325
85	2017-07-19_085.lcd	P6-F05		15.631	47654	1.000	14.950	16.375	2230	-----	16.09977	12998.897	0.773	0.317
86	2017-07-19_086.lcd	P6-F06		15.634	30138	1.000	14.958	16.433	1326	-----	10.18187	12146.688	0.877	0.327
87	2017-07-19_087.lcd	P6-F07		15.637	25790	1.000	14.958	16.575	888	-----	8.71295	10132.424	1.275	0.359
88	2017-07-19_088.lcd	P6-F08		15.630	30335	1.000	14.992	16.433	1379	-----	10.24850	12476.694	0.814	0.323
89	2017-07-19_089.lcd	P6-F09		15.631	15235	1.000	14.975	16.408	650	-----	5.14713	11622.918	0.926	0.335
90	2017-07-19_090.lcd	P6-F10		15.630	39122	1.000	14.892	16.550	1588	-----	13.21721	11562.257	1.069	0.334
91	2017-07-19_091.lcd	P6-F11		15.627	34949	1.000	14.925	16.467	1561	-----	11.80749	12319.824	0.853	0.325
92	2017-07-19_092.lcd	P6-F12		15.630	50221	1.000	14.833	16.525	2266	-----	16.96683	12475.767	0.822	0.323
93	2017-07-19_093.lcd	P6-G01		15.629	35583	1.000	14.950	16.517	1607	-----	12.02146	12634.000	0.831	0.321
94	2017-07-19_094.lcd	P6-G02		15.632	14621	1.000	15.025	16.442	623	-----	4.93974	11798.593	0.943	0.331
95	2017-07-19_095.lcd	P6-G03		15.639	17273	1.000	14.175	16.500	584	-----	5.83565	10111.505	1.595	0.357
96	2017-07-19_096.lcd	P6-G04		15.632	31208	1.000	14.983	16.492	1282	-----	10.54335	11522.824	1.002	0.335
97	2017-07-19_097.lcd	P6-G05		15.633	45225	1.000	14.933	16.500	2065	-----	15.27896	12581.287	0.801	0.322
98	2017-07-19_098.lcd	P6-G06		15.629	20707	1.000	14.817	16.400	897	-----	6.99567	11854.399	0.888	0.331
99	2017-07-19_099.lcd	P6-G07		15.631	15615	1.000	15.017	16.533	613	-----	5.27555	11083.361	1.035	0.343
100	2017-07-19_100.lcd	P6-G08		15.631	20723	1.000	14.908	16.575	860	-----	7.00112	11402.680	0.985	0.337
101	2017-07-19_101.lcd	P6-G09		15.629	26508	1.000	14.992	16.242	1219	-----	8.95561	12324.548	0.780	0.326
102	2017-07-19_102.lcd	P6-G10		15.625	24442	1.000	14.917	16.425	1009	-----	8.25775	11105.407	0.974	0.341
103	2017-07-19_103.lcd	P6-G11		15.630	13584	1.000	15.100	16.442	567	-----	4.58918	11307.799	0.000	0.339
104	2017-07-19_104.lcd	P6-G12		15.625	14809	1.000	15.017	16.475	640	-----	5.00319	11527.579	0.873	0.336
105	2017-07-19_105.lcd	P6-H01		15.625	22042	1.000	14.958	16.467	923	-----	7.44665	11404.469	0.950	0.338
106	2017-07-19_106.lcd	P6-H02		15.624	31968	1.000	14.950	16.508	1410	-----	10.80024	11724.004	0.834	0.333
107	2017-07-19_107.lcd	P6-H03		15.631	3236	1.000	15.225	16.333	145	-----	1.09334	11811.794	0.811	0.334
108	2017-07-19_108.lcd	P6-H04		15.632	16162	1.000	14.983	16.450	709	-----	5.46032	11658.779	0.838	0.335
109	2017-07-19_110.lcd	P6-H06		15.628	33598	1.000	14.875	16.200	1517	-----	11.35077	11814.533	0.785	0.332
110	2017-07-19_111.lcd	P6-H07		15.639	23223	1.000	14.992	16.592	972	-----	7.84578	11274.441	0.937	0.340
111	2017-07-19_112.lcd	P6-H08		15.629	45232	1.000	14.967	16.483	1929	-----	15.28127	11436.338	0.905	0.338
112	2017-07-19_113.lcd	P6-H09		15.632	16303	1.000	15.000	16.517	670	-----	5.50791	10547.813	0.942	0.351
113	2017-07-19_114.lcd	P6-H10		15.630	20480	1.000	14.900	16.500	822	-----	6.91918	10663.180	1.008	0.349
114	2017-07-19_115.lcd	P6-H11		15.626	20833	1.000	15.067	16.483	894	-----	7.03826	11206.063	0.874	0.341
115	2017-07-19_116.lcd	P6-H12		15.627	22065	1.000	14.983	16.600	918	-----	7.45464	10831.613	0.924	0.346
116	2017-07-19_117.lcd	BLANK	Water	-----	-----		-----	-----	-----	-----	-----	-----	-----	-----
117	2017-07-19_118.lcd	STD-0111	40 mM Mix	15.620	153304	1.000	14.967	16.792	6723	-----	51.79293	11473.514	0.815	0.337
118	2017-07-19_119.lcd	STD-0112	20 mM Mix	15.624	75071	1.000	14.958	16.775	3304	-----	25.36252	11612.190	0.814	0.335
119	2017-07-19_120.lcd	STD-0113	10 mM Mix	15.624	36943	1.000	14.958	16.525	1640	-----	12.48096	11705.368	0.809	0.333
120	2017-07-19_121.lcd	STD-0114	5 mM Mix	15.624	18011	1.000	14.917	16.350	808	-----	6.08493	11804.843	0.796	0.332
121	2017-07-19_122.lcd	STD-0115	2.5 mM Mix	15.628	8726	1.000	15.092	16.283	393	-----	2.94812	11734.801	0.787	0.334
122	2017-07-19_123.lcd	STD-0116	1 mM Mix	15.638	3051	1.000	15.125	16.208	137	-----	1.03090	11695.341	0.777	0.335
123	2017-07-19_124.lcd	STD-0117	0.5 mM Mix	15.632	1397	1.000	15.267	16.125	65	-----	0.47181	11818.607	0.705	0.338
124	2017-07-19_125.lcd	STD-0118	0.25 mM Mix	15.649	584	1.000	15.325	15.992	30	-----	0.19741	13308.751	0.596	0.319
125	2017-07-19_126.lcd	STD-0119	0.1 mM Mix	15.613	105	1.000	15.467	15.858	8	-----	0.03555	28449.811	0.375	0.236

