ID#	7
Name	acetate
	Data Filename	Sample ID	Sample Name	Ret. Time	Area	Relative Retention Time	Peak Start	Peak End	Height	Std. Conc.	Conc.	T.Plate#	Width(5%)	Width(50%)
1	2017-06-12_000.lcd	BLANK	No injection	-----	-----		-----	-----	-----	-----	-----	-----	-----	-----
2	2017-06-12_001.lcd	STD-0111	40 mM Mix	15.635	156886	1.000	15.000	16.942	7201	-----	53.00319	12704.980	0.771	0.321
3	2017-06-12_002.lcd	STD-0112	20 mM Mix	15.632	77013	1.000	14.992	16.875	3536	-----	26.01858	12673.253	0.769	0.321
4	2017-06-12_003.lcd	STD-0113	10 mM Mix	15.631	38095	1.000	14.933	16.500	1774	-----	12.87030	12827.224	0.756	0.320
5	2017-06-12_004.lcd	STD-0114	5 mM Mix	15.634	18651	1.000	15.075	16.392	884	-----	6.30128	12940.609	0.738	0.318
6	2017-06-12_005.lcd	STD-0115	2.5 mM Mix	15.636	9200	1.000	15.150	16.200	442	-----	3.10821	13206.827	0.724	0.316
7	2017-06-12_006.lcd	STD-0116	1 mM Mix	15.634	3373	1.000	15.150	16.192	162	-----	1.13965	13260.091	0.721	0.315
8	2017-06-12_007.lcd	STD-0117	0.5 mM Mix	15.650	1640	1.000	15.275	16.075	83	-----	0.55401	13988.131	0.647	0.310
9	2017-06-12_008.lcd	STD-0118	0.25 mM Mix	15.642	820	1.000	15.325	16.058	42	-----	0.27712	13727.279	0.629	0.313
10	2017-06-12_009.lcd	STD-0119	0.1 mM Mix	15.651	286	1.000	15.383	15.992	16	-----	0.09674	17302.258	0.556	0.280
11	2017-06-12_010.lcd	BLANK	Water	-----	-----		-----	-----	-----	-----	-----	-----	-----	-----
12	2017-06-12_011.lcd	P1-A03		15.635	54294	1.000	14.983	16.792	2018	-----	18.34299	10320.976	1.081	0.355
13	2017-06-12_012.lcd	P1-A05		15.636	50350	1.000	14.892	16.525	2005	-----	17.01046	11298.332	1.065	0.339
14	2017-06-12_013.lcd	P1-A07		15.639	34009	1.000	15.058	16.600	1433	-----	11.48989	11555.425	0.977	0.335
15	2017-06-12_014.lcd	P1-A08		15.631	30723	1.000	14.767	16.492	1234	-----	10.37945	11382.503	1.124	0.337
16	2017-06-12_015.lcd	P1-A09		15.635	82497	1.000	14.842	16.508	3543	-----	27.87115	11959.999	0.919	0.330
17	2017-06-12_016.lcd	P1-A11		15.637	135681	1.000	14.967	16.758	6025	-----	45.83910	12315.913	0.850	0.325
18	2017-06-12_017.lcd	P1-A12		15.637	85904	1.000	14.892	16.767	3850	-----	29.02236	12361.951	0.827	0.325
19	2017-06-12_018.lcd	P1-B03		15.619	15314	1.000	14.100	16.925	297	-----	5.17390	4768.263	2.299	0.582
20	2017-06-12_019.lcd	P1-B04		15.632	73061	1.000	14.975	16.375	3226	-----	24.68342	12127.887	0.847	0.328
21	2017-06-12_020.lcd	P1-B07		15.626	172867	1.000	14.925	16.750	7843	-----	58.40233	12377.133	0.791	0.325
22	2017-06-12_021.lcd	P1-B08		15.626	152407	1.000	14.992	16.817	6975	-----	51.49010	12296.534	0.774	0.326
23	2017-06-12_022.lcd	P1-B09		15.638	119175	1.000	14.967	16.375	4853	-----	40.26260	10359.599	0.931	0.354
24	2017-06-12_023.lcd	P1-B10		15.631	31961	1.000	14.925	16.767	1325	-----	10.79781	10980.862	0.968	0.344
25	2017-06-12_024.lcd	P1-B12		15.631	24382	1.000	15.033	16.525	1099	-----	8.23728	12116.260	0.802	0.328
26	2017-06-12_025.lcd	P1-B14		15.633	55223	1.000	14.925	16.850	2397	-----	18.65687	11874.910	0.841	0.332
27	2017-06-12_026.lcd	P1-B16		15.628	81341	1.000	14.692	16.342	3505	-----	27.48064	11631.998	0.847	0.335
28	2017-06-12_027.lcd	P1-B19		15.623	56585	1.000	15.025	16.333	2544	-----	19.11703	11860.766	0.802	0.332
29	2017-06-12_028.lcd	P1-B22		15.631	48032	1.000	14.917	16.475	2097	-----	16.22748	11750.846	0.869	0.333
30	2017-06-12_029.lcd	P1-B26		15.626	51408	1.000	14.783	16.750	2085	-----	17.36802	10850.856	0.969	0.346
31	2017-06-12_030.lcd	P1-B27		15.622	60891	1.000	15.025	16.717	2460	-----	20.57175	10926.226	0.000	0.344
32	2017-06-12_031.lcd	P1-B28		15.621	57567	1.000	14.708	16.433	2372	-----	19.44870	10932.914	0.948	0.344
33	2017-06-12_032.lcd	P1-B29		15.626	104368	1.000	14.892	16.242	4774	-----	35.26037	12371.652	0.780	0.325
34	2017-06-12_033.lcd	P1-B31		15.631	59896	1.000	14.942	16.342	2606	-----	20.23561	11990.528	0.875	0.330
35	2017-06-12_034.lcd	P1-B32		15.633	116356	1.000	14.892	16.417	5141	-----	39.31021	12142.163	0.839	0.328
36	2017-06-12_035.lcd	P1-B33		15.637	61556	1.000	14.900	16.742	2702	-----	20.79630	11892.653	0.854	0.331
37	2017-06-12_036.lcd	P1-B34		15.635	67968	1.000	14.750	16.750	2610	-----	22.96261	10205.640	1.084	0.356
38	2017-06-12_037.lcd	P1-B35		15.633	77868	1.000	14.908	16.258	3502	-----	26.30743	12078.794	0.812	0.329
39	2017-06-12_038.lcd	P1-B37		15.626	184144	1.000	14.892	16.825	8072	-----	62.21221	11951.679	0.830	0.331
40	2017-06-12_039.lcd	P1-B40		15.624	74163	1.000	14.992	16.458	3246	-----	25.05545	11556.010	0.847	0.336
41	2017-06-12_040.lcd	P1-B41		15.632	138462	1.000	14.825	16.833	6151	-----	46.77876	11975.874	0.809	0.330
42	2017-06-12_041.lcd	P1-B42		15.621	136052	1.000	14.825	16.800	6092	-----	45.96446	11744.534	0.789	0.334
43	2017-06-12_042.lcd	P1-B43		15.623	66112	1.000	14.925	16.875	2711	-----	22.33564	11153.378	0.989	0.341
44	2017-06-12_043.lcd	P1-B44		15.625	109484	1.000	14.792	16.467	4558	-----	36.98852	11380.124	0.931	0.338
45	2017-06-12_044.lcd	P1-B46		15.623	108459	1.000	14.925	16.508	4686	-----	36.64221	11422.627	0.857	0.337
46	2017-06-12_045.lcd	P1-B49		15.629	110771	1.000	14.833	16.875	3762	-----	37.42338	8610.448	1.131	0.400
47	2017-06-12_046.lcd	P1-B51		15.623	168155	1.000	14.817	16.250	7754	-----	56.81040	12277.882	0.762	0.326
48	2017-06-12_047.lcd	P1-B55		15.633	49309	1.000	14.858	16.800	1653	-----	16.65875	8518.676	1.201	0.394
49	2017-06-12_048.lcd	P1-B56		15.630	38769	1.000	14.942	16.283	1615	-----	13.09799	11466.564	0.994	0.337
50	2017-06-12_049.lcd	P1-B57		15.632	182449	1.000	14.917	16.983	8238	-----	61.63941	12111.852	0.787	0.329
51	2017-06-12_050.lcd	P1-B58		15.631	24665	1.000	14.792	16.717	971	-----	8.33285	10645.654	1.099	0.349
52	2017-06-12_051.lcd	P1-B60		15.633	45458	1.000	14.908	16.517	1946	-----	15.35784	11556.339	0.894	0.336
53	2017-06-12_052.lcd	P1-B62		15.631	75082	1.000	14.950	16.600	3156	-----	25.36605	11288.838	0.916	0.340
54	2017-06-12_053.lcd	P1-B63		15.636	140593	1.000	14.950	16.600	6216	-----	47.49874	11825.875	0.819	0.333
55	2017-06-12_054.lcd	P1-B66		15.632	147454	1.000	14.808	16.250	6782	-----	49.81653	12254.549	0.767	0.327
56	2017-06-12_055.lcd	P1-B67		-----	-----		-----	-----	-----	-----	-----	-----	-----	-----
57	2017-06-12_056.lcd	P1-B67		15.595	148289	1.000	14.925	16.192	7141	-----	50.09870	13184.078	0.724	0.314
58	2017-06-12_057.lcd	P1-B68		15.596	63751	1.000	14.975	16.358	2928	-----	21.53804	12651.474	0.791	0.321
59	2017-06-12_058.lcd	P1-B69		15.597	43331	1.000	14.808	16.283	1901	-----	14.63911	12140.259	0.886	0.327
60	2017-06-12_059.lcd	P1-B71		15.601	97792	1.000	14.783	16.525	4370	-----	33.03847	12454.829	0.819	0.323
61	2017-06-12_060.lcd	P1-B74		15.602	137743	1.000	14.775	16.217	6501	-----	46.53592	13027.127	0.745	0.316
62	2017-06-12_061.lcd	P1-B76		15.597	61463	1.000	15.133	16.233	3041	-----	20.76499	13732.115	0.695	0.309
63	2017-06-12_062.lcd	P1-B77		15.597	98163	1.000	15.092	16.358	4592	-----	33.16401	12972.894	0.788	0.316
64	2017-06-12_063.lcd	P1-B80		15.599	101899	1.000	14.858	16.400	4770	-----	34.42600	13020.626	0.769	0.316
65	2017-06-12_064.lcd	P1-B81		15.596	34783	1.000	15.192	16.083	1780	-----	11.75117	14158.587	0.647	0.304
66	2017-06-12_065.lcd	P1-B83		15.598	127400	1.000	14.850	16.367	5993	-----	43.04133	13170.342	0.766	0.314
67	2017-06-12_066.lcd	P1-B94	40 mM Mix	15.599	165266	1.000	14.875	16.950	7589	-----	55.83444	13200.088	0.790	0.314
68	2017-06-12_067.lcd	P1-B95	20 mM Mix	15.599	75889	1.000	14.942	16.425	3676	-----	25.63858	13626.214	0.725	0.309
69	2017-06-12_068.lcd	P1-B96	10 mM Mix	15.601	37851	1.000	14.875	16.292	1840	-----	12.78772	13678.630	0.721	0.309
70	2017-06-12_069.lcd	P1-B97	5 mM Mix	15.600	18782	1.000	14.992	16.250	917	-----	6.34540	13765.366	0.720	0.308
71	2017-06-12_070.lcd	P1-B98	2.5 mM Mix	15.600	9417	1.000	15.058	16.300	461	-----	3.18157	13769.131	0.715	0.308
72	2017-06-12_071.lcd	P1-B99	1 mM Mix	15.598	3346	1.000	15.142	16.125	168	-----	1.13041	13895.998	0.697	0.304
73	2017-06-12_072.lcd	P1-B100	0.5 mM Mix	15.607	1682	1.000	15.225	16.083	86	-----	0.56809	14572.788	0.661	0.300
74	2017-06-12_073.lcd	P1-B101	0.25 mM Mix	15.596	785	1.000	15.283	15.992	43	-----	0.26533	15258.727	0.580	0.296
75	2017-06-12_074.lcd	P1-B102	0.1 mM Mix	15.604	281	1.000	15.308	15.908	16	-----	0.09506	18852.443	0.526	0.273

