ID#	10
Name	isobutyrate
	Data Filename	Sample ID	Sample Name	Ret. Time	Area	Relative Retention Time	Peak Start	Peak End	Height	Std. Conc.	Conc.	T.Plate#	Width(5%)	Width(50%)
1	2017-06-26_000.lcd	BLANK	No injection	-----	-----		-----	-----	-----	-----	-----	-----	-----	-----
2	2017-06-26_001.lcd	STD-0111	40 mM Mix	20.812	307316	1.332	19.800	21.708	10549	-----	41.08729	12372.299	1.030	0.436
3	2017-06-26_002.lcd	STD-0112	20 mM Mix	20.828	149596	1.333	19.842	21.842	5156	-----	20.00053	12532.725	1.019	0.433
4	2017-06-26_003.lcd	STD-0113	10 mM Mix	20.839	72638	1.334	19.892	21.558	2562	-----	9.71150	12716.655	0.983	0.430
5	2017-06-26_004.lcd	STD-0114	5 mM Mix	20.844	35502	1.334	19.942	21.542	1261	-----	4.74652	12847.348	0.971	0.429
6	2017-06-26_005.lcd	STD-0115	2.5 mM Mix	20.847	18037	1.334	20.008	21.475	649	-----	2.41151	13077.505	0.947	0.426
7	2017-06-26_006.lcd	STD-0116	1 mM Mix	20.851	6276	1.334	20.175	21.425	230	-----	0.83911	13174.871	0.915	0.424
8	2017-06-26_007.lcd	STD-0117	0.5 mM Mix	20.850	3241	1.334	20.208	21.458	120	-----	0.43331	13456.387	0.902	0.420
9	2017-06-26_008.lcd	STD-0118	0.25 mM Mix	20.837	1622	1.334	20.308	21.408	61	-----	0.21680	13933.461	0.880	0.420
10	2017-06-26_009.lcd	STD-0119	0.1 mM Mix	20.851	617	1.334	20.392	21.342	24	-----	0.08248	16533.950	0.829	0.409
11	2017-06-26_010.lcd	BLANK	Water	-----	-----		-----	-----	-----	-----	-----	-----	-----	-----
12	2017-06-26_011.lcd	P3-A01		21.317	3780	1.364	20.442	21.575	92	-----	0.50533	15416.835	1.081	0.796
13	2017-06-26_012.lcd	P3-A02		20.790	-22	1.330	20.375	21.125	1	-----	0.00000	273038.151	0.000	0.095
14	2017-06-26_013.lcd	P3-A03		20.839	915	1.333	20.358	21.208	36	-----	0.12233	14310.907	0.774	0.405
15	2017-06-26_014.lcd	P3-A04		20.823	36	1.332	20.258	21.442	29	-----	0.00484	50930.934	0.368	0.234
16	2017-06-26_015.lcd	P3-A05		20.837	439	1.333	20.475	21.075	24	-----	0.05875	31182.522	0.541	0.292
17	2017-06-26_016.lcd	P3-A06		20.830	405	1.333	20.492	21.042	25	-----	0.05412	30299.318	0.473	0.267
18	2017-06-26_017.lcd	P3-A07		20.792	1441	1.330	20.525	21.125	65	-----	0.19271	17768.186	0.578	0.380
19	2017-06-26_018.lcd	P3-A08		20.743	1072	1.327	20.342	21.075	40	-----	0.14338	12462.678	0.685	0.461
20	2017-06-26_019.lcd	P3-A09		20.814	322	1.332	20.408	21.075	18	-----	0.04306	31932.124	0.602	0.272
21	2017-06-26_020.lcd	P3-A10		20.831	734	1.332	20.625	21.108	43	-----	0.09813	33584.163	0.459	0.288
22	2017-06-26_021.lcd	P3-A11		20.814	257	1.331	20.425	21.125	12	-----	0.03430	20174.192	0.601	0.365
23	2017-06-26_022.lcd	P3-A12		20.826	438	1.332	20.542	21.008	29	-----	0.05854	40813.569	0.432	0.257
24	2017-06-26_023.lcd	P3-B01		20.831	316	1.333	20.558	21.008	21	-----	0.04225	42966.471	0.425	0.243
25	2017-06-26_024.lcd	P3-B02		20.821	644	1.332	20.475	21.075	35	-----	0.08614	28707.640	0.527	0.298
26	2017-06-26_025.lcd	P3-B03		20.788	135	1.330	20.392	21.075	6	-----	0.01807	35886.114	0.648	0.322
27	2017-06-26_026.lcd	P3-B04		20.811	142	1.331	20.358	21.008	10	-----	0.01904	33940.808	0.467	0.269
28	2017-06-26_027.lcd	P3-B05		20.827	78	1.333	20.592	21.008	5	-----	0.01038	42875.827	0.386	0.257
29	2017-06-26_028.lcd	P3-B06		20.815	361	1.332	20.475	21.042	21	-----	0.04832	30620.341	0.513	0.281
30	2017-06-26_029.lcd	P3-B07		20.828	1235	1.333	20.442	21.108	64	-----	0.16507	23838.116	0.580	0.319
31	2017-06-26_030.lcd	P3-B08		20.837	295	1.333	20.475	21.042	17	-----	0.03938	30261.621	0.494	0.279
32	2017-06-26_031.lcd	P3-B09		20.844	520	1.333	20.458	21.075	29	-----	0.06951	27076.820	0.535	0.293
33	2017-06-26_032.lcd	P3-B10		20.811	312	1.332	20.492	20.992	22	-----	0.04175	47147.471	0.418	0.223
34	2017-06-26_033.lcd	P3-B11		20.492	-658	1.311	20.492	21.225	2	-----	0.00000	6980.355	0.000	0.000
35	2017-06-26_034.lcd	P3-B12		20.792	373	1.330	20.458	20.992	19	-----	0.04992	23523.479	0.000	0.333
36	2017-06-26_035.lcd	P3-C01		20.832	1029	1.333	20.392	21.108	50	-----	0.13760	22810.188	0.602	0.331
37	2017-06-26_036.lcd	P3-C02		20.769	109	1.329	20.442	20.992	6	-----	0.01455	28417.095	0.504	0.281
38	2017-06-26_037.lcd	P3-C03		-----	-----		-----	-----	-----	-----	-----	-----	-----	-----
39	2017-06-26_038.lcd	P3-C04		20.766	141	1.329	20.392	21.175	14	-----	0.01879	29162.678	0.529	0.278
40	2017-06-26_039.lcd	P3-C05		20.764	67	1.329	20.392	20.992	6	-----	0.00891	73470.985	0.310	0.195
41	2017-06-26_040.lcd	P3-C06		20.851	-106	1.334	20.342	21.008	5	-----	0.00000	90354.409	0.000	0.166
42	2017-06-26_041.lcd	P3-C07		20.826	592	1.332	20.425	21.058	32	-----	0.07916	28435.699	0.570	0.299
43	2017-06-26_042.lcd	P3-C08		20.838	1815	1.333	20.525	21.292	80	-----	0.24260	18384.872	0.676	0.367
44	2017-06-26_043.lcd	P3-C09		20.811	774	1.332	20.408	21.042	46	-----	0.10347	32164.291	0.463	0.279
45	2017-06-26_044.lcd	P3-C10		20.773	77	1.329	20.542	20.975	5	-----	0.01030	51928.489	0.415	0.246
46	2017-06-26_045.lcd	P3-C11		20.844	339	1.333	20.375	21.075	15	-----	0.04527	23109.691	0.630	0.358
47	2017-06-26_046.lcd	P3-C12		20.780	809	1.330	20.375	21.042	35	-----	0.10811	16088.450	0.629	0.394
48	2017-06-26_047.lcd	P3-D01		20.817	766	1.332	20.392	21.042	49	-----	0.10245	36289.712	0.437	0.266
49	2017-06-26_048.lcd	P3-D02		20.809	109	1.331	20.508	21.058	6	-----	0.01456	32021.518	0.000	0.322
50	2017-06-26_049.lcd	P3-D03		20.825	61	1.332	20.425	21.075	6	-----	0.00810	55853.325	0.377	0.230
51	2017-06-26_050.lcd	P3-D04		20.833	1032	1.333	20.475	21.075	55	-----	0.13800	27637.197	0.536	0.300
52	2017-06-26_051.lcd	P3-D05		20.827	2089	1.332	20.358	21.108	94	-----	0.27926	19053.208	0.680	0.351
53	2017-06-26_052.lcd	P3-D06		20.838	350	1.332	20.508	21.058	20	-----	0.04679	34375.475	0.479	0.281
54	2017-06-26_053.lcd	P3-D07		20.848	4871	1.333	20.342	21.242	208	-----	0.65128	17361.293	0.734	0.373
55	2017-06-26_054.lcd	P3-D08		20.813	448	1.331	20.392	21.058	22	-----	0.05993	24353.354	0.611	0.320
56	2017-06-26_055.lcd	P3-D09		20.515	-4	1.313	20.508	21.042	1	-----	0.00000	636800.896	0.000	0.001
57	2017-06-26_056.lcd	P3-D10		20.784	850	1.330	20.542	21.058	42	-----	0.11366	25857.552	0.492	0.345
58	2017-06-26_057.lcd	P3-D11		20.793	216	1.330	20.508	21.008	13	-----	0.02882	37893.673	0.000	0.248
59	2017-06-26_058.lcd	P3-D12		20.832	302	1.332	20.492	21.008	23	-----	0.04040	52360.264	0.364	0.221
60	2017-06-26_059.lcd	BLANK	Water	-----	-----		-----	-----	-----	-----	-----	-----	-----	-----
61	2017-06-26_060.lcd	P1-B94	40 mM Mix	20.819	303794	1.332	19.792	21.658	10428	-----	40.61652	12452.142	1.042	0.434
62	2017-06-26_061.lcd	P1-B95	20 mM Mix	20.834	146602	1.333	19.833	21.592	5076	-----	19.60034	12601.537	1.029	0.432
63	2017-06-26_062.lcd	P1-B96	10 mM Mix	20.845	72015	1.333	19.850	21.542	2534	-----	9.62828	12808.658	0.996	0.429
64	2017-06-26_063.lcd	P1-B97	5 mM Mix	20.852	35065	1.334	19.900	21.508	1245	-----	4.68809	12884.207	0.980	0.428
65	2017-06-26_064.lcd	P1-B98	2.5 mM Mix	20.853	17710	1.334	19.983	21.458	639	-----	2.36776	13066.765	0.945	0.425
66	2017-06-26_065.lcd	P1-B99	1 mM Mix	20.861	6120	1.334	20.192	21.492	225	-----	0.81818	13375.198	0.915	0.422
67	2017-06-26_066.lcd	P1-B100	0.5 mM Mix	20.868	3114	1.334	20.258	21.458	115	-----	0.41631	13688.524	0.899	0.420
68	2017-06-26_067.lcd	P1-B101	0.25 mM Mix	20.856	1555	1.334	20.292	21.392	58	-----	0.20792	13893.063	0.905	0.415
69	2017-06-26_068.lcd	P1-B102	0.1 mM Mix	20.836	605	1.331	20.275	21.358	23	-----	0.08091	13297.533	0.886	0.420
70	2017-06-26_069.lcd	P3-E01		-----	-----		-----	-----	-----	-----	-----	-----	-----	-----
71	2017-06-26_070.lcd	P3-E02		20.812	208	1.331	20.508	21.025	12	-----	0.02787	38103.077	0.000	0.273
72	2017-06-26_071.lcd	P3-E03		20.831	354	1.332	20.442	21.008	21	-----	0.04730	36111.874	0.472	0.274
73	2017-06-26_072.lcd	P3-E04		20.815	615	1.332	20.492	21.058	35	-----	0.08225	31066.528	0.532	0.280
74	2017-06-26_073.lcd	P3-E05		20.833	-57	1.333	20.475	20.992	7	-----	0.00000	88167.133	0.000	0.152
75	2017-06-26_074.lcd	P3-E06		20.684	701	1.323	20.492	21.008	33	-----	0.09371	19325.804	0.000	0.368
76	2017-06-26_075.lcd	P3-E07		20.799	2643	1.330	20.492	21.158	109	-----	0.35334	15305.421	0.640	0.413
77	2017-06-26_076.lcd	P3-E08		20.817	134	1.332	20.492	20.992	10	-----	0.01792	50450.294	0.000	0.216
78	2017-06-26_077.lcd	P3-E09		20.925	987	1.339	20.358	20.942	58	-----	0.13194	--	0.000	0.000
79	2017-06-26_078.lcd	P3-E10		20.743	429	1.327	20.492	21.075	25	-----	0.05729	23259.679	0.000	0.308
80	2017-06-26_079.lcd	P3-E11		20.832	1159	1.332	20.458	21.125	58	-----	0.15499	23857.016	0.594	0.322
81	2017-06-26_080.lcd	P3-E12		20.834	1183	1.332	20.325	21.175	48	-----	0.15816	15671.231	0.748	0.395
82	2017-06-26_081.lcd	P3-F01		20.749	713	1.327	20.358	21.025	28	-----	0.09536	15188.638	0.641	0.429
83	2017-06-26_082.lcd	P3-F02		20.815	103	1.331	20.492	21.008	6	-----	0.01383	26805.565	0.000	0.276
84	2017-06-26_083.lcd	P3-F03		20.835	54	1.332	20.508	21.008	4	-----	0.00727	56109.154	0.319	0.165
85	2017-06-26_084.lcd	P3-F04		20.820	549	1.331	20.475	21.058	29	-----	0.07342	25028.835	0.546	0.301
86	2017-06-26_085.lcd	P3-F05		20.769	92	1.329	20.492	21.058	8	-----	0.01236	81046.145	0.316	0.177
87	2017-06-26_086.lcd	P3-F06		20.797	580	1.331	20.508	21.008	40	-----	0.07754	43963.088	0.414	0.228
88	2017-06-26_087.lcd	P3-F07		20.492	-52	1.311	20.492	21.025	2	-----	0.00000	73219.745	0.000	0.000
89	2017-06-26_088.lcd	P3-F08		20.779	116	1.329	20.508	21.008	8	-----	0.01552	33576.092	0.000	0.218
90	2017-06-26_089.lcd	P3-F09		20.836	2142	1.333	20.425	21.142	102	-----	0.28642	21364.078	0.619	0.341
91	2017-06-26_090.lcd	P3-F10		20.827	697	1.332	20.458	21.092	36	-----	0.09319	24690.643	0.570	0.314
92	2017-06-26_091.lcd	P3-F11		20.832	325	1.332	20.475	21.075	18	-----	0.04350	24308.453	0.546	0.294
93	2017-06-26_092.lcd	P3-F12		20.816	149	1.331	20.492	20.992	9	-----	0.01992	35828.367	0.414	0.249
94	2017-06-26_093.lcd	P3-G01		20.803	18	1.331	20.492	21.025	2	-----	0.00237	274302.553	0.295	0.079
95	2017-06-26_094.lcd	P3-G02		20.829	815	1.332	20.442	21.108	42	-----	0.10901	23999.260	0.589	0.312
96	2017-06-26_095.lcd	P3-G03		20.807	443	1.331	20.492	20.992	25	-----	0.05918	36478.283	0.474	0.278
97	2017-06-26_096.lcd	P3-G04		20.830	2882	1.332	20.475	21.142	138	-----	0.38527	21002.509	0.613	0.341
98	2017-06-26_097.lcd	P3-G05		20.814	172	1.331	20.508	21.008	13	-----	0.02300	52528.871	0.382	0.191
99	2017-06-26_098.lcd	P3-G06		20.811	943	1.331	20.525	21.025	59	-----	0.12614	35244.967	0.462	0.262
100	2017-06-26_099.lcd	P3-G07		20.786	315	1.329	20.508	21.042	15	-----	0.04210	23263.436	0.000	0.336
101	2017-06-26_100.lcd	P3-G08		20.619	369	1.319	20.325	21.025	16	-----	0.04939	14613.375	0.593	0.399
102	2017-06-26_101.lcd	P3-G09		20.809	394	1.331	20.492	21.042	23	-----	0.05267	29965.014	0.522	0.278
103	2017-06-26_102.lcd	P3-G10		20.826	504	1.332	20.375	21.125	24	-----	0.06743	17019.924	0.688	0.351
104	2017-06-26_103.lcd	P3-G11		20.827	627	1.332	20.492	21.075	35	-----	0.08380	30147.951	0.520	0.289
105	2017-06-26_104.lcd	P3-G12		-----	-----		-----	-----	-----	-----	-----	-----	-----	-----
106	2017-06-26_105.lcd	P3-H01		20.775	365	1.329	20.508	21.025	19	-----	0.04874	17809.682	0.000	0.333
107	2017-06-26_106.lcd	P3-H02		20.807	264	1.331	20.308	21.058	18	-----	0.03524	29574.855	0.453	0.289
108	2017-06-26_107.lcd	P3-H03		20.761	929	1.328	20.508	21.042	46	-----	0.12426	17651.350	0.000	0.351
109	2017-06-26_108.lcd	P3-H04		20.797	94	1.330	20.492	21.025	8	-----	0.01262	61388.432	0.000	0.184
110	2017-06-26_109.lcd	P3-H05		20.756	23	1.328	20.408	20.942	2	-----	0.00311	167820.669	0.316	0.109
111	2017-06-26_110.lcd	P3-H06		21.260	4165	1.361	20.308	21.692	82	-----	0.55690	4183.506	1.299	0.932
112	2017-06-26_111.lcd	P3-H07		20.771	62	1.328	20.492	21.042	4	-----	0.00834	98172.526	0.000	0.162
113	2017-06-26_112.lcd	P3-H08		20.797	717	1.330	20.492	21.025	43	-----	0.09588	33878.694	0.486	0.271
114	2017-06-26_113.lcd	P3-H09		20.803	524	1.331	20.375	21.108	23	-----	0.07001	16855.866	0.655	0.359
115	2017-06-26_114.lcd	P3-H10		20.808	356	1.331	20.475	21.042	19	-----	0.04756	22991.270	0.534	0.315
116	2017-06-26_115.lcd	P3-H11		20.816	434	1.331	20.525	21.008	27	-----	0.05809	40665.440	0.442	0.257
117	2017-06-26_116.lcd	P3-H12		20.785	305	1.330	20.492	21.025	17	-----	0.04077	33646.311	0.503	0.288
118	2017-06-26_117.lcd	BLANK	Water	-----	-----		-----	-----	-----	-----	-----	-----	-----	-----
119	2017-06-26_118.lcd	P1-B94	40 mM Mix	20.822	303671	1.332	19.817	21.725	9849	-----	40.60004	10998.564	1.089	0.462
120	2017-06-26_119.lcd	P1-B95	20 mM Mix	20.830	146584	1.333	19.867	21.642	4818	-----	19.59796	11254.678	1.070	0.457
121	2017-06-26_120.lcd	P1-B96	10 mM Mix	20.841	71093	1.333	19.917	21.575	2390	-----	9.50497	11546.709	1.026	0.453
122	2017-06-26_121.lcd	P1-B97	5 mM Mix	20.848	34355	1.334	19.983	21.542	1169	-----	4.59322	11647.904	1.000	0.450
123	2017-06-26_122.lcd	P1-B98	2.5 mM Mix	20.854	17154	1.334	20.108	21.492	595	-----	2.29339	11914.824	0.960	0.446
124	2017-06-26_123.lcd	P1-B99	1 mM Mix	20.852	5867	1.334	20.158	21.492	207	-----	0.78442	12182.352	0.930	0.442
125	2017-06-26_124.lcd	P1-B100	0.5 mM Mix	20.854	3097	1.334	20.192	21.508	107	-----	0.41401	11727.178	0.959	0.449
126	2017-06-26_125.lcd	P1-B101	0.25 mM Mix	20.861	1452	1.334	20.292	21.442	52	-----	0.19407	12861.092	0.887	0.437
127	2017-06-26_126.lcd	P1-B102	0.1 mM Mix	20.887	524	1.335	20.408	21.408	19	-----	0.07001	15599.771	0.835	0.418

